0.6940441131591797
0.6703962683677673
0.7039601802825928
0.5787354111671448
0.59200119972229
0.6172338724136353
0.6017876267433167
0.5568460822105408
0.48006144165992737
0.43984898924827576
0.41566988825798035
0.48461633920669556
0.4130345582962036
0.3971607983112335
0.35472390055656433
0.3625192642211914
0.4442460238933563
0.30743101239204407
0.4206524193286896
0.33834537863731384
0.39528346061706543
0.2305249571800232
0.32086944580078125
0.3351925313472748
0.359421044588089
0.24446094036102295
0.31591013073921204
0.2851599454879761
0.34929242730140686
0.29083070158958435
0.24748912453651428
0.32741811871528625
0.25363245606422424
0.2888987362384796
0.30538737773895264
0.40497612953186035
0.30515557527542114
0.27262082695961
0.37618085741996765
0.2517990469932556
0.23863279819488525
0.2701272666454315
0.2673027813434601
0.2892764210700989
0.23348084092140198
0.24576137959957123
0.18145065009593964
0.21695005893707275
0.23407302796840668
0.178968608379364
