0.7688952684402466
0.7527018785476685
0.6447343230247498
0.6456528902053833
0.6095080971717834
0.558631420135498
0.5601640939712524
0.43227070569992065
0.45813027024269104
0.4336472451686859
0.3863960802555084
0.40787431597709656
0.39102086424827576
0.48494136333465576
0.32980239391326904
0.24327227473258972
0.32455581426620483
0.3216073513031006
0.3799338936805725
0.32181817293167114
0.2830132246017456
0.278308242559433
0.33414116501808167
0.2991817891597748
0.22939760982990265
0.26246383786201477
0.44897568225860596
0.3939143717288971
0.24577943980693817
0.26763471961021423
0.20370258390903473
0.25043928623199463
0.3040234446525574
0.33477315306663513
0.22337855398654938
0.2482599914073944
0.22921070456504822
0.284929484128952
0.22010575234889984
0.30663472414016724
0.1898220330476761
0.26992735266685486
0.23828250169754028
0.3745386004447937
0.1671752780675888
0.23078879714012146
0.18979421257972717
0.19548764824867249
0.09945202618837357
0.12199529260396957
